H:
(21449812689318956880406891637381742806708037911217144782699638613717548889432, 1759772517471755343560188422906079936281606400575377861200687911426365436371)
(7433898206066670138320437144395296050146345682117058383433221869728158524469, 12585958270570860007069177665697041499361870251341083495724482320600073410420)
(8034598560498566012573348608827263703458543254391456318075124629856796253392, 8210104686058491353021263888113858990461054889389006281023746413950929072529)
(6545568690000532180730270528240771383294794344313151622891383475232137900948, 18317355541481590409048121031502331331013163536100942738867407482241745418812)
(1923030073024849211354244017526969538142784841601076204716381358249365000135, 2128333800359891603804883395150738581726165543833745286519629968106307592516)
(3531230717563556865531930867757965275920690469070896502539321406532455973655, 21001149879553529505490127313029247809789631588438502987478767615205667702912)
(17547676667054245153631219590154868147927934877114136437633737635487747610583, 1334523964578908916870752818978085651920940300603271395364773612865519083203)
(15758015702705672307048825564520529320853123655273942620739480484574867620990, 10353615920570814448638789447333630947651113648698249261695435115391225646685)
(3314383368174570891939850096040458734523737352680726639677982960386245788522, 18669724749349114186353396894147221189303116431926726928458632781504623726664)
(10225791733387240818152662258256552327429890759127847259361567938791296531130, 18984220882687104074048702295681892739239754878748155635539075530308745135271)
(16536356453097717176622430056391301810449272247072004557503052412569838875900, 11370797998713791788429579979478040825350897236826571167251459300627957255357)
X:
((6104391549550386061875486537299672767050197275634694148880645463096579475365, 5646012998535332337874531299694731024371820847960548540871600348979153493663), (19228846390262034659592055121617000985163844485362125398168757385958482877028, 10680800292854180396571628455489284516006669190264538039149221739305258692318))
